x=[1028.371654        959.1841538        956.84571        27.10416667        27.37333333        25.75
959.1841538        956.84571        939.7041246        27.37333333        25.75        25.65833333
956.84571        939.7041246        886.8804196        25.75        25.65833333        25.5925
939.7041246        886.8804196        810.1564075        25.65833333        25.5925        25.26833333
886.8804196        810.1564075        766.6538244        25.5925        25.26833333        25.13333333
810.1564075        766.6538244        777.3155086        25.26833333        25.13333333        25.34166667
766.6538244        777.3155086        708.5305564        25.13333333        25.34166667        25.54
777.3155086        708.5305564        1138.258526        25.34166667        25.54        30.63083333
708.5305564        1138.258526        1151.379901        25.54        30.63083333        30.7125
1138.258526        1151.379901        1156.958557        30.63083333        30.7125        30.675
1151.379901        1156.958557        1171.215125        30.7125        30.675        30.82583333
1156.958557        1171.215125        1161.593226        30.675        30.82583333        30.4975
1171.215125        1161.593226        781.6023678        30.82583333        30.4975        27.84666667
1161.593226        781.6023678        612.17396        30.4975        27.84666667        27.275
781.6023678        612.17396        609.070022        27.84666667        27.275        27.70583333
612.17396        609.070022        607.4263711        27.275        27.70583333        27.85666667
609.070022        607.4263711        640.2421636        27.70583333        27.85666667        27.845
607.4263711        640.2421636        1392.781029        27.85666667        27.845        25.93416667
640.2421636        1392.781029        748.9545634        27.845        25.93416667        25.955
1392.781029        748.9545634        1165.295812        25.93416667        25.955        25.98916667
748.9545634        1165.295812        1129.890453        25.955        25.98916667        26.02833333
1165.295812        1129.890453        1088.605079        25.98916667        26.02833333        26.0625
1129.890453        1088.605079        1069.821424        26.02833333        26.0625        26.09
1088.605079        1069.821424        1094.441434        26.0625        26.09        26.11083333
1069.821424        1094.441434        1147.30122        26.09        26.11083333        26.12666667
1094.441434        1147.30122        1182.625624        26.11083333        26.12666667        26.135
1147.30122        1182.625624        1171.851114        26.12666667        26.135        26.13571429
1182.625624        1171.851114        1416.323402        26.135        26.13571429        30.79583333
1171.851114        1416.323402        1402.490374        26.13571429        30.79583333        31.24333333
1416.323402        1402.490374        1425.07512        30.79583333        31.24333333        31.48083333
1402.490374        1425.07512        1417.48991        31.24333333        31.48083333        31.49416667
1425.07512        1417.48991        1410.82007        31.48083333        31.49416667        31.30583333
1417.48991        1410.82007        1395.041333        31.49416667        31.30583333        31.01666667
1410.82007        1395.041333        1402.41428        31.30583333        31.01666667        30.90833333
1395.041333        1402.41428        1402.16707        31.01666667        30.90833333        31.065
1402.41428        1402.16707        1402.479577        30.90833333        31.065        30.98166667
1402.16707        1402.479577        1398.284501        31.065        30.98166667        31.04
1402.479577        1398.284501        1786.600513        30.98166667        31.04        28.44111111
1398.284501        1786.600513        1022.58609        31.04        28.44111111        29.78083333
1786.600513        1022.58609        794.9068274        28.44111111        29.78083333        28.47833333
1022.58609        794.9068274        670.7098925        29.78083333        28.47833333        27.8975
794.9068274        670.7098925        1347.161576        28.47833333        27.8975        27.39666667
670.7098925        1347.161576        1514.301902        27.8975        27.39666667        26.55916667
1347.161576        1514.301902        1556.678165        27.39666667        26.55916667        28.49166667
1514.301902        1556.678165        1689.186937        26.55916667        28.49166667        29.2575
1556.678165        1689.186937        1650.380243        28.49166667        29.2575        29.44666667
1689.186937        1650.380243        1626.521117        29.2575        29.44666667        29.22571429
1650.380243        1626.521117        1508.872806        29.44666667        29.22571429        28.43333333
1626.521117        1508.872806        1526.508911        29.22571429        28.43333333        27.91916667
1508.872806        1526.508911        1653.658951        28.43333333        27.91916667        28.00333333
1526.508911        1653.658951        1665.527551        27.91916667        28.00333333        28.405
1653.658951        1665.527551        1664.722489        28.00333333        28.405        28.37833333
1665.527551        1664.722489        1633.289333        28.405        28.37833333        28.59083333
1664.722489        1633.289333        1644.415188        28.37833333        28.59083333        28.68166667
1633.289333        1644.415188        1664.797147        28.59083333        28.68166667        28.80333333
1644.415188        1664.797147        1673.686013        28.68166667        28.80333333        28.8575
1664.797147        1673.686013        1627.213411        28.80333333        28.8575        28.97166667
1673.686013        1627.213411        2499.805708        28.8575        28.97166667        30.03083333
1627.213411        2499.805708        1835.908291        28.97166667        30.03083333        29.01666667
2499.805708        1835.908291        1970.353867        30.03083333        29.01666667        29.38416667
1835.908291        1970.353867        1896.792688        29.01666667        29.38416667        29.44333333
1970.353867        1896.792688        697.6351053        29.38416667        29.44333333        29.46083333
1896.792688        697.6351053        672.9046116        29.44333333        29.46083333        30.67545455
697.6351053        672.9046116        545.8299657        29.46083333        30.67545455        31.72583333
672.9046116        545.8299657        576.4885672        30.67545455        31.72583333        30.12166667
545.8299657        576.4885672        574.3578818        31.72583333        30.12166667        29.84
576.4885672        574.3578818        586.4742195        30.12166667        29.84        29.82166667
574.3578818        586.4742195        1468.855021        29.84        29.82166667        31.37333333
586.4742195        1468.855021        886.6352393        29.82166667        31.37333333        31.66083333
2699.797085        2583.04259        2552.74549        32.11583333        32.07916667        32.22666667
2583.04259        2552.74549        2297.956451        32.07916667        32.22666667        31.74
2552.74549        2297.956451        2176.422161        32.22666667        31.74        31.00333333
2297.956451        2176.422161        2057.532399        31.74        31.00333333        30.6125
2176.422161        2057.532399        2176.500701        31.00333333        30.6125        30.5925
2057.532399        2176.500701        2385.168589        30.6125        30.5925        30.54916667
2176.500701        2385.168589        2369.154109        30.5925        30.54916667        30.68
2385.168589        2369.154109        2094.301853        30.54916667        30.68        30.69833333
2369.154109        2094.301853        2510.571627        30.68        30.69833333        30.09
